>Group7
1 2 3 4 5 7 8 9 10 11 12 13 14 15 16 17 18 19 20 $
>Group6
1 2 3 4 5 6 7 8 9 10 11 12 13 14 15 16 17 18 19 20 $
>Group9
1 2 3 4 5 6 7 8 9 10 11 12 13 14 15 16 24 18 19 20 $
>Group4
1 2 3 4 22 7 8 9 21 11 12 13 14 15 16 17 18 19 20 $
>Group1
1 3 4 5 6 7 8 9 10 11 12 13 14 15 16 17 18 20 $
>Group3
1 2 3 4 5 7 8 9 21 11 12 13 14 15 16 17 18 19 20 $
>Group5
1 2 3 4 6 7 8 9 10 11 12 13 14 15 16 17 18 19 20 $
>Group8
1 2 3 4 23 6 7 8 9 10 11 12 13 14 15 16 17 18 19 20 $
>Group2
1 2 3 4 5 7 8 9 21 11 12 13 14 15 16 17 19 20 $
